69153
69065
69106
69108
69153
69188
69123
69167
69213
69169
69168
69219
69205
69208
69198
69234
69261
69204
69219
69232
69218
69218
69253
69278
69289
69264
69281
69224
69254
69208
69316
69256
69246
69334
69232
69240
69381
69357
69328
69337
69243
69249
69300
69326
69313
69340
69328
69327
69296
69284
69307
69346
69410
69313
69272
69388
69333
69310
69343
69354
69327
69128
68960
69833
70432
69122
69461
69300
69314
69399
69389
69332
69323
69363
69370
69396
69435
69379
69413
69383
69384
69454
69382
69371
69389
69394
69367
69384
69354
69307
69326
69353
69454
69478
69478
69520
69471
69421
69360
69413
69428
69450
69397
69437
69403
69439
69428
69436
69465
69482
69444
69422
69477
69432
69394
69458
69430
69503
69493
69468
69415
69380
69452
69470
69390
69392
69436
69458
69468
69439
69455
69429
69438
69443
69488
69432
69435
69395
69440
69428
69382
69438
69421
69391
69414
69428
69426
69422
69414
69397
69394
69389
69409
69397
69400
69394
69329
69351
69397
69419
69353
69341
69355
69380
69357
69401
69385
69382
69332
69341
69339
69358
69374
69373
69341
69371
69382
69374
69372
69375
69356
69340
69316
69328
69357
69308
69305
69240
69291
69314
69314
69281
69267
69235
69260
69234
69263
69233
69229
69240
69259
69147
69246
69164
69146
69169
69193
69201
69172
69200
69188
69186
69155
69129
69200
69165
69128
69145
69221
69178
69043
69130
69175
69144
69161
69099
69074
69085
69113