16499
16224
16197
16200
16250
16286
16219
16211
16239
16214
16199
16206
16183
16220
16222
16233
16271
16255
16276
16269
16211
16207
16196
16214
16264
16307
16260
16260
16244
16209
16203
16217
16251
16238
16203
16183
16219
16200
16216
16229
16241
16250
16298
16322
16319
16275
16252
16241
16215
16228
16213
16200
16214
16243
16277
16262
16222
16210
16292
16262
16233
16211
16241
16176
16184
16181
16211
16260
16321
16272
16260
16248
16223
16228
16256
16243
16249
16292
16279
16219
16258
16276
16144
15816
16340
16260
16258
16276
16309
16286
16233
16203
16221
16243
16200
16208
16261
16274
16249
16242
16245
16229
16243
16219
16241
16259
16243
16241
16198
16205
16213
16267
16266
16224
16236
16268
16246
16276
16299
16316
16285
16239
16235
16224
16202
16218
16221
16232
16251
16272
16277
16262
16269
16263
16240
16218
16229
16214
16192
16213
16216
16276
16356
16368
16388
16357
16334
16324